306364444
306278404
306364440
305180696
305180692
344414212
306397200
304148496
352983044
304148492
304168972
305168400
304168976
344934404
352860164
306196496
306196492
344880132
353305604
306212876
353076228
306380816
306442268
304152584
344228868
344327172
306438160
344318980
352928772
304168992
352684036
304152588
352588804
304177156
352724996
306212896
306225168
306364448
352905220
352769028
306384900
344802308
344630276
304132116
352592900
305176604
304132112
353200132
344356868
306221080
344847364
353051652
305229856
352650244
344785924
353024004
305229852
304185356
306225180
304185352
352814084
353281028
353047556
306221068
304177180
353321988
304177184
305221664
306221060
305221660
306221064
344314884
344478724
306257952
306389008
344650756
344773636
305225756
306417668
305225752
306380808
304136220
306204684
352596996
304136224
344340484
306364432
353010692
344347652
306319388
353244164
305192988
305192984
352785412
305192980
344400900
305168404
305315852
352863236
344364036
353039364
344216580
305242116
344937476
305168408
304164888
306278412
304164884
304164880
303046680
306389016
303046684
303046688
303083536
306311192
303083532
306311196
305209356
306303004
306249752
305209352
306249756
352957444
344545284
344904708
306348052
306438168
305213468
352765956
344758276
344830980
344331268
344885252
344512516
306413584
344384516
352941060
344360964
306384916
303083540
352655364
303083544
306229260
353310724
306270228
304140320
305274892
305274896
304128020
352643076
304128024
306298912
304128028
306319376
352704516
306319372
352982020
304201756
353245188
306348048
304201752
304152580
344564740
352892932
304115716
304095240
304095244
306425884
344279044
344921092
352936964
344745988
306352156
303079448
352794628
306368532
353018884
306368536
305258500
344623108
306409480
306421764
305258504
306409484
306421768
305139724
353027076
306409488
305139720
306384912
305270792
353002500
344868868
306356236
306192408
306192404
306434072
306192400
344881156
305279008
344871940
353155076
306298896
303050784
306393112
352659460
306192396
344483844
352855044
306192392
306204696
306216984
353224708
344794116
353022980
352901124
344397828
344463364
303050768
304103456
344635396
303050760
303050764
303087636
303054864
303087632
352642052
306282528
304197656
306282524
303054868
306282520
305160224
305160220
353007620
305250332
344565764
305250336
306352140
353327108
305180688
305180684
306438156
353256452
303042572
344753156
352593924
344733700
344556548
353335300
306335776
353257476
306335772
344757252
305238036
306356232
304168968
305238032
344749060
353122308
352720900
344537092
306286612
352850948
306196508
304168988
306376708
352638980
306196500
304168980
352757764
344843268
306196504
344926212
305254416
306241560
344410116
306241564
306425860
306241568
344213508
306372640
353015812
304119816
304132120
352692228
304119812
304132124
304132128
305229840
352756740
305229844
344426500
305229848
344422404
344332292
344401924
306221084
344246276
352867332
305217552
353145860
306233360
306221076
352634884
344578052
306257924
305266712
305266716
306417672
305180704
353113092
306257928
305180700
352978948
306380828
352764932
306401284
305246216
303058948
304152592
305201184
305246212
304152596
306380824
353006596
306331652
344343556
306331656
352610308
303042576
305283076
352667652
344249348
352711684
344482820
306221088
306204704
304185368
305225732
352781316
305225736
352962564
306282500
304164892
306245644
304164896
353301508
305176596
305287172
344832004
305176592
305287176
344860676
352917508
306311188
305209368
305283104
344315908
306311180
305209360
306229252
306311184
305209364
306249740
304185360
344418308
344232964
306249748
306335756
344922116
306348064
344622084
344836100
305307656
344609796
353317892
352666628
304185364
305164296
305164292
352798724
352793604
344269828
352859140
304156696
304156692
305287184
304099344
305287180
304107524
303083552
304107528
305287188
305201156
304099348
353167364
306286596
344262660
304173084
344827908
304173080
344659972
344925188
304140296
304140292
352651268
306327560
352868356
306327564
305274884
352802820
304128032
306298904
306405404
306298900
353171460
304201740
344642564
306319364
306245648
304201744
306298908
306372628
304123916
344582148
305283100
352629764
353199108
306417676
305205256
306384920
305205252
305254432
305156120
344274948
353323012
306368528
344528900
344913924
306368524
306315276
306253844
306368520
344348676
353216516
305258512
306229256
306409496
352723972
305258516
306409492
305139736
306188316
352942084
306446344
305139732
306188312
344253444
306356248
306302992
353036292
352986116
306302996
305205268
303075360
353204228
344761348
306384928
344877060
344261636
306384904
306290720
306446364
306339872
306384924
344204292
344388612
306421788
306270240
352908292
306303008
303087628
306356240
304103440
352887812
303050772
303054852
304103448
303054856
344225796
303071248
306249744
306376724
305160212
303071240
305160216
303071244
353196036
306335748
306421780
305160196
305250308
306401312
344373252
353174532
353162244
306253848
344646660
306216992
344634372
306335768
352897028
306245664
353302532
344863748
306335760
344527876
305156116
352811012
305156112
305238020
305307652
304103432
305238024
352969732
304103436
305238028
305213472
306225172
344799236
344897540
352999428
304128008
304197636
344844292
306442244
306196512
306376716
306376712
344872964
306241556
305233936
344536068
304193568
306425872
304193564
304193560
352716804
352728068
305303556
353339396
305205264
344205316
344851460
353137668
303050776
344654852
305229836
306364428
305229832
306364424
306253840
306364420
306434056
303087648
353240068
353326084
353031172
353289220
344492036
306307104
306257936
353252356
305266700
306257932
305311764
305266704
305311768
305266708
344590340
306425888
344823812
305246220
303058956
305246224
353285124
306274328
305246228
306380832
303042564
306278408
344254468
303042568
306237472
352977924
306425876
303042584
305295392
344335364
306229280
344774660
352748548
306438148
344573956
352740356
344941572
352703492
305176600
306434068
344840196
352991236
305221636
305176608
306434060
344856580
305242136
344511492
305242132
344369156
306429980
304185376
306429984
304185372
305176580
344257540
305176584
305188892
305176588
353290244
305262604
306229264
305209376
306229268
305209372
306343948
344949764
306343944
344762372
306343940
305307664
352737284
305307660
344209412
306286616
305307668
305217564
305299488
353059844
344671236
305217560
352744452
306262036
305299480
306262032
305217568
305299484
304156680
306327580
304156684
305287200
304156688
352630788
304099352
304099356
305287196
352699396
304107536
353282052
305287192
304107532
352797700
344520708
306429976
304099340
306393120
344221700
352732164
344803332
306245652
306204676
306245656
306356256
306356252
306327572
344404996
306327576
303079428
353073156
305262620
304128004
305262624
304181280
304201736
304201732
304095260
304095264
306413588
304107540
305254424
344676356
304107544
305254420
306352136
304107548
305258528
352896004
305254428
306266144
353273860
344548356
304152608
304173088
352904196
305164308
305258524
306188304
306413580
305258520
306188308
305164300
352662532
305303584
305164304
305315872
305143816
306302980
344368132
305143812
344668164
306302984
306397196
306302988
306397192
344687620
353055748
306290716
306413572
353154052
306413576
306421792
306257944
344298500
304189472
306434064
352678916
305274888
306208788
306278420
344237060
304140312
306278424
306208780
306368540
305225744
306442248
353208324
306368544
353032196
306200580
305160208
306200584
305160204
303071256
344552452
305160200
303071252
305250312
304181256
306401308
305250316
306401304
306393096
303071264
344658948
344740868
353294340
306200600
306270216
344900612
353203204
306200604
306438176
306200608
344561668
344393732
305156108
344508420
305156104
305156100
304201748
306446340
304103428
306446348
306290712
305172512
306352148
306212880
303087620
353178628
306241548
306274316
344504324
352712708
306274312
306241540
306241544
304193552
344815620
305152028
306188300
305152024
305152020
306348056
344581124
304148512
353260548
353125380
352774148
303063044
306364436
306225184
305270816
352770052
305229828
352933892
306307100
305246240
352601092
304189456
344896516
304189452
344912900
306339844
306405384
344589316
306339848
344728580
344496132
305311772
344945668
305213464
305311776
304123912
344619012
305172508
304181272
306212884
304181276
303087624
303067164
305246236
303058964
344532996
303067160
305246232
303058960
305213460
303067168
303058968
305295388
306237468
305295380
306237460
305295384
344339460
344765444
304119820
306429964
344381444
352995332
304197660
305147932
353138692
306429968
305147936
305242128
344680452
306241552
353231876
353028100
305242120
344291332
305242124
306208784
305233928
344344580
353056772
352958468
306233364
305307680
306233368
344781828
303058952
306294816
306229276
305184788
352777220
306229272
353286148
306249760
305184780
352733188
305184784
305295376
304164868
306212888
305295372
306343956
344601604
353014788
306343952
305307676
305303572
344531972
305303576
306286608
353043460
352609284
306286604
306286600
306262020
306200588
306262024
306397204
306262028
353241092
306397208
306212872
305188876
344302596
352663556
305188872
306278428
344474628
344523780
305152032
353159172
305291268
305188888
344610820
306303000
306327584
344303620
344606724
305188880
305192976
305188884
305192972
306266128
306298884
303083548
344245252
306266120
304128012
306266124
304128016
306298888
306204692
306425864
353133572
344212484
306360340
353052676
344814596
306278432
304091144
304091140
306376736
305254412
306372620
304091148
304107552
305278984
305278980
344273924
305201180
305217556
305278988
306413600
306438172
306360348
352782340
344294404
306389012
306413596
353142788
305139716
305143828
306413592
305315868
305164312
353334276
305315864
305143820
305164316
305315860
305143824
306421784
352719876
344306692
306405400
306397188
306323464
304160776
306405408
306290700
306208776
305274908
306290704
344672260
306208772
306290708
303079432
352946180
306356244
306405380
303079436
305274904
344852484
306405396
306405392
353211396
353223684
303050756
306208792
352961540
303087644
306208796
303087640
353069060
306376732
306200596
303042588
306200592
344242180
352973828
303075336
306429960
303075332
344238084
304152604
304152600
306425880
344806404
305242140
344466436
344471556
344585220
306446356
305238044
306446352
305238040
306417688
353121284
304119840
305238048
305172504
305172500
344884228
306270224
303071236
306270220
304144400
353044484
344519684
304144408
344359940
306274308
304193544
305172484
344392708
304193540
353331204
304193548
305172488
306360344
304148508
344577028
344639492
304148504
303063072
306216972
304148500
306216976
344462340
305270808
305270804
305270800
344613892
353158148
304189448
306331668
304189444
344569860
306339852
306339856
344560644
344217604
344549380
305266720
344651780
344553476
306225156
304181268
306417684
305180676
303058972
304181264
305311748
306360332
306360336
306319368
306425868
344365060
352687108
306237456
306311172
306237452
352801796
306331664
305147928
353276932
304177172
305147920
304177176
305147924
306315268
304103444
305221656
352871428
305221652
344201220
352909316
344667140
303042592
305225760
304136212
304181260
304136216
306233376
304123908
306233372
352695300
305233932
304111628
352949252
303058976
304173064
305184796
304111620
304173060
305184792
304111624
344295428
305295364
352872452
344270852
306343964
304164876
352954372
306343968
304164872
305205260
305295368
305303564
352916484
353248260
344515588
344597508
344663044
344938500
304156700
306335764
306311176
305299464
306397212
353190916
304160792
304160796
344778756
352761860
304099336
305303580
344541188
304099332
344495108
305188868
306307080
353309700
303067144
344491012
352950276
352786436
344396804
305192968
353130500
306388996
344499204
304193556
353003524
306393116
306327556
306266132
353207300
306266136
306323476
344664068
344351748
352924676
344876036
305262600
306204688
305262608
304091156
352921604
305254408
344385540
305254404
305278992
306348060
352884740
305278996
344822788
305291284
352745476
305217548
305291280
344810500
305217544
305217540
305291288
353166340
353212420
306389004
344786948
306335752
306389000
306429956
344568836
344655876
353219588
305315856
304140316
305143836
305143832
305164320
344835076
344282116
353077252
352626692
353330180
305279004
344725508
305279000
303079444
306298892
352749572
303079440
305274912
305139728
344790020
306212892
353318916
306216980
306405388
344617988
306216988
353183748
352937988
306208800
305258508
352966660
304160788
306188320
344839172
344286212
344266756
306401288
305143840
352621572
306372616
306294800
344741892
344916996
306372612
344893444
344540164
306204700
306360324
352856068
306319392
353117188
306372624
304144396
304144392
344684548
344688644
305156124
306446368
352625668
344355844
305270796
353129476
305156128
353236996
306323472
344311812
344930308
352715780
352589828
304197664
303063048
353011716
306270236
344791044
344602628
305270812
306270232
344798212
304144412
353182724
304144416
344500228
344200196
344750084
352679940
353277956
352637956
305172496
353272836
305172492
305152004
305152008
306429972
344299524
344683524
353019908
306216968
352773124
303063068
344647684
303063064
352805892
303063060
353035268
344614916
344594436
306442260
353175556
306294804
344777732
306294808
305168388
344867844
344413188
352880644
304136196
344557572
344638468
305266696
306339864
305266692
306339860
306294792
305311752
306294796
305311756
306339868
353268740
303067148
304119828
344524804
306225160
304119824
344905732
303067140
304181252
352851972
353235972
353215492
305283096
352913412
306360328
306274336
352646148
344732676
344819716
306237444
353220612
306237448
306315272
306212868
304111644
306323468
344766468
353064964
304177168
304177164
305147916
304177160
305147912
352753668
344470532
305221644
306331680
352613380
305221640
305242144
306442264
305221648
304136208
306233348
353134596
304136200
344287236
304136204
306290692
344406020
344627204
353264644
306331660
353261572
352891908
344250372
344737796
305233924
344946692
306417692
304173076
353313796
304111636
306434052
304173072
304111632
306225164
306315284
306315280
304103452
306409476
352741380
306417696
306315288
306286624
306343960
306286620
306352160
344310788
344736772
304173068
305299472
344320004
306262044
344888324
305299476
306262040
304160784
353163268
304160780
306262048
303046668
352736260
352974852
303046660
306360352
303046664
344417284
304111648
305233952
344503300
304111640
344826884
353150980
344848388
352729092
305213448
305205272
306348036
353232900
344516612
305213444
306393104
306393100
305262596
305262612
344811524
306393108
305180680
352617476
344908804
344929284
304160800
305262616
306307096
304091160
306307092
304091164
304115744
352778244
304115740
304095236
344572932
352671748
306323460
305291296
305201160
344290308
304091168
305291292
305201164
353293316
305201168
353195012
344818692
344544260
352920580
306188292
306188296
352708612
352876548
352809988
344372228
352606212
306307076
344889348
305315844
304140300
305184800
304197652
304140304
306311200
352789508
344336388
304140308
305315848
306380812
304123928
304123924
352707588
304123920
344855556
352883716
344241156
306356228
304115736
303079456
305303560
344487940
303042580
305205280
352912388
353048580
306401300
352888836
353228804
306253832
306368516
306237464
353338372
353118212
306352152
353306628
306409500
305139744
306409504
305139740
306401296
305303568
344307716
306401292
306319380
303075356
306319384
303075352
306278416
306257940
344770564
344729604
344425476
352990212
305299460
352605188
306397216
304144388
352815108
306380804
352675844
353068036
305197072
305197076
306282508
353060868
306253828
344352772
306282504
344593412
303063056
344724484
305299468
344795140
344769540
344421380
344324100
344377348
353298436
306372632
303063052
352806916
304095256
305152016
352598020
304148488
305152012
352987140
304148484
306438152
353063940
344233988
305168412
353269764
306216964
305168416
344631300
305168396
306434076
353114116
352658436
305168392
306294812
305270788
306380820
352622596
304189464
344475652
304189460
352633860
344258564
306442272
304189468
353126404
352998404
306294788
306376720
306225176
305291272
352932868
304132108
352688132
304119836
304132104
303067156
304119832
304132100
303067152
344598532
305291276
306274324
306266140
306274320
352864260
304168964
306327568
344933380
304144404
352670724
344376324
304185348
353314820
305147908
306196488
344859652
344909828
305225748
306257948
305225740
352994308
352879620
344507396
306253852
344479748
344409092
306331672
306196484
306446360
352953348
306331676
306434080
305184772
306249732
305184776
306249736
305192992
306315296
306315292
344229892
353297412
344754180
352647172
306323484
306323480
